0.096911,0.10169,0.10091,0.10051,0.10037,0.10029,0.10017,0.10002,0.099979,0.10005,0.10002,0.099873,0.099784,0.099736,0.099707,0.099707,0.099736,0.099783,0.099873,0.10001,0.10004,0.09997,0.10002,0.10017,0.10029,0.10037,0.10051,0.10091,0.10168,0.096909
0.089351,0.10489,0.10359,0.10222,0.10157,0.10121,0.10094,0.10069,0.10042,0.10008,0.09969,0.099303,0.098935,0.098659,0.098513,0.098513,0.098657,0.098932,0.099298,0.099684,0.10007,0.10041,0.10068,0.10093,0.1012,0.10156,0.10221,0.10358,0.10488,0.08934
0.080587,0.10736,0.1074,0.10522,0.10392,0.10314,0.10248,0.10173,0.10098,0.10027,0.099302,0.098133,0.097146,0.096428,0.096034,0.096032,0.096424,0.097137,0.098123,0.099289,0.10024,0.10096,0.10171,0.10246,0.10313,0.1039,0.1052,0.10738,0.10734,0.080556
0.072754,0.1089,0.1115,0.10899,0.10705,0.10576,0.10473,0.10372,0.10242,0.10053,0.098345,0.096295,0.094337,0.09284,0.092062,0.092059,0.092831,0.094324,0.096271,0.098318,0.10051,0.10238,0.10368,0.10469,0.10572,0.10701,0.10895,0.11146,0.10885,0.072694
0.066623,0.10995,0.11559,0.1133,0.11103,0.10946,0.10804,0.10613,0.10369,0.1011,0.097792,0.093677,0.090134,0.087622,0.086255,0.086251,0.08761,0.090109,0.093652,0.09775,0.10103,0.10362,0.10608,0.10798,0.1094,0.11096,0.11324,0.11552,0.10987,0.066527
0.06239,0.11096,0.11965,0.11799,0.11558,0.11369,0.11191,0.10993,0.10722,0.10255,0.096007,0.089985,0.08442,0.080196,0.078125,0.078121,0.08018,0.0844,0.08993,0.09596,0.1025,0.10712,0.10981,0.11179,0.11358,0.11548,0.11789,0.11955,0.11083,0.062253
0.059933,0.11224,0.12376,0.12301,0.12085,0.11925,0.11781,0.11527,0.1101,0.10379,0.096434,0.085511,0.075774,0.070097,0.066984,0.06698,0.070088,0.075733,0.085502,0.096347,0.10362,0.11,0.11516,0.11767,0.11909,0.12071,0.12287,0.12361,0.11206,0.059753
0.05896,0.11399,0.12803,0.12841,0.12684,0.1256,0.12404,0.1215,0.11796,0.11102,0.095094,0.076978,0.06466,0.055825,0.05213,0.052128,0.055813,0.064672,0.07688,0.095147,0.1109,0.11774,0.12128,0.12383,0.12539,0.12664,0.12822,0.12783,0.11375,0.058737
0.05908,0.11622,0.13249,0.13412,0.13337,0.13304,0.1332,0.13329,0.12858,0.11341,0.098023,0.073802,0.041966,0.038097,0.032566,0.032563,0.03814,0.041856,0.074041,0.097749,0.11326,0.12851,0.13304,0.13289,0.13276,0.1331,0.13387,0.13223,0.11592,0.058815
0.059886,0.11886,0.13713,0.14012,0.14061,0.14192,0.14375,0.14365,0.14019,0.13766,0.1216,0.03846,0.01246,0.014455,0.010702,0.010698,0.014507,0.01229,0.038824,0.12193,0.13719,0.13983,0.14335,0.1434,0.14156,0.14027,0.13981,0.13681,0.11849,0.059582
0.060971,0.12167,0.14179,0.14615,0.14792,0.15065,0.15423,0.15937,0.17161,0.17797,0.069165,2.5419e-05,7.7941e-06,-6.2944e-06,-1.335e-05,-1.4982e-05,-1.0986e-05,2.123e-07,1.2197e-05,0.069891,0.17829,0.17095,0.15879,0.15376,0.15021,0.14752,0.14578,0.14141,0.12125,0.060635
0.061986,0.12443,0.1463,0.15198,0.15503,0.15957,0.1668,0.17909,0.19259,0.16375,-2.5419e-05,2.5426e-05,7.7957e-06,-6.2947e-06,-1.3351e-05,-1.4982e-05,-1.0986e-05,2.124e-07,1.2198e-05,-1.2198e-05,0.16496,0.19229,0.17843,0.16621,0.15905,0.15456,0.15155,0.14586,0.12396,0.061625
0.062634,0.12685,0.15039,0.15731,0.16143,0.16733,0.17631,0.18777,0.18711,0.12445,-6.8463e-05,6.8462e-05,2.6537e-05,-8.8067e-06,-3.1313e-05,-3.853e-05,-2.9328e-05,-4.9702e-06,1.7962e-05,-1.7963e-05,0.1257,0.18704,0.18714,0.17565,0.16674,0.16091,0.15682,0.14991,0.12634,0.062257
0.062716,0.12872,0.15393,0.16192,0.16679,0.17334,0.18237,0.19034,0.17819,0.10328,-9.5852e-05,9.5848e-05,4.9418e-05,1.6415e-06,-3.6591e-05,-5.2513e-05,-4.3717e-05,-1.8313e-05,4.2354e-06,-4.235e-06,0.10451,0.17826,0.18977,0.18169,0.17271,0.16622,0.1614,0.15341,0.12818,0.062336
0.062104,0.12983,0.15673,0.16573,0.17109,0.1778,0.18609,0.19041,0.1704,0.091438,-0.00010874,0.00010873,6.752e-05,1.2598e-05,-3.6393e-05,-5.9776e-05,-5.4336e-05,-3.1174e-05,-7.1708e-06,7.1716e-06,0.092578,0.17055,0.18991,0.18541,0.17716,0.1705,0.16518,0.15618,0.12928,0.061731
0.060773,0.13012,0.15879,0.16874,0.1744,0.181,0.1883,0.18959,0.16449,0.085423,-0.00010753,0.00010753,6.9862e-05,1.6134e-05,-3.3452e-05,-5.8282e-05,-5.5174e-05,-3.5096e-05,-1.1516e-05,1.1516e-05,0.086428,0.1647,0.18915,0.18765,0.18035,0.1738,0.16818,0.15822,0.12957,0.060418
0.058727,0.12947,0.15999,0.17098,0.17692,0.1833,0.18969,0.18873,0.16057,0.083211,-9.0599e-05,9.06e-05,5.2821e-05,1.0683e-05,-2.7317e-05,-4.6145e-05,-4.3505e-05,-2.7938e-05,-9.1988e-06,9.1992e-06,0.084054,0.16079,0.18835,0.18909,0.18268,0.17633,0.17041,0.15943,0.12894,0.058399
0.056067,0.12796,0.16043,0.17249,0.17868,0.18483,0.19048,0.18801,0.15842,0.084194,-5.8557e-05,5.8558e-05,2.4166e-05,1.9731e-06,-1.6987e-05,-2.5931e-05,-2.3534e-05,-1.4387e-05,-3.8585e-06,3.8582e-06,0.084871,0.15862,0.18767,0.18993,0.18424,0.1781,0.17193,0.15988,0.12745,0.055772
0.05285,0.12546,0.15998,0.17332,0.17986,0.18583,0.19094,0.18764,0.15796,0.087692,-1.9557e-05,1.9557e-05,4.3648e-06,-1.0207e-06,-5.3593e-06,-7.258e-06,-6.2421e-06,-3.5007e-06,-5.3352e-07,5.3382e-07,0.088202,0.15811,0.18734,0.19044,0.18528,0.17931,0.17278,0.15945,0.12499,0.052594
0.049273,0.12222,0.15878,0.1734,0.18031,0.18616,0.19091,0.18715,0.15775,0.089608,0.0059593,1.9559e-05,4.3652e-06,-1.0193e-06,-5.3579e-06,-7.257e-06,-6.2412e-06,-3.5002e-06,-5.321e-07,0.0060371,0.089855,0.1578,0.18686,0.19046,0.18566,0.1798,0.17289,0.15828,0.12179,0.049057
0.045372,0.11796,0.15665,0.17284,0.18028,0.18609,0.19069,0.18711,0.15882,0.093879,0.023783,0.011013,0.0090358,-0.0040368,-0.030228,-0.023007,-0.005614,0.0073096,0.011167,0.024307,0.093863,0.15878,0.18685,0.1903,0.18564,0.17981,0.17236,0.15619,0.11758,0.045194
0.041493,0.11329,0.15377,0.17137,0.17936,0.18523,0.18997,0.18723,0.16158,0.10283,0.048366,0.03613,0.025053,-0.014974,-0.087205,-0.064391,-0.017722,0.019727,0.035513,0.049591,0.10311,0.16162,0.18705,0.18966,0.18484,0.17893,0.17093,0.15335,0.11296,0.041349
0.037493,0.10759,0.15006,0.16933,0.17789,0.1838,0.18882,0.18764,0.16576,0.11526,0.071943,0.057074,0.033625,-0.026793,-0.13047,-0.096575,-0.028552,0.026162,0.054936,0.072975,0.11582,0.16586,0.18753,0.18856,0.18345,0.1775,0.16893,0.14969,0.10732,0.03738
0.03416,0.10227,0.14552,0.16592,0.17498,0.18091,0.18626,0.18681,0.1697,0.12668,0.088895,0.070706,0.043874,-0.032937,-0.15836,-0.11887,-0.032706,0.037289,0.068077,0.089227,0.12701,0.16976,0.18668,0.18601,0.18059,0.17462,0.16557,0.1452,0.10205,0.034072
0.030503,0.095993,0.14092,0.16227,0.17134,0.17689,0.1822,0.18448,0.17186,0.13645,0.10172,0.084741,0.052647,-0.035958,-0.17786,-0.13094,-0.032256,0.048648,0.083626,0.10179,0.13657,0.17174,0.18428,0.18192,0.17657,0.171,0.16195,0.14065,0.09582,0.030435
0.029125,0.092013,0.13508,0.15639,0.16531,0.17029,0.17525,0.1787,0.17093,0.14127,0.10925,0.088621,0.064198,-0.018299,-0.18809,-0.13017,-0.0084954,0.060599,0.087223,0.10902,0.14097,0.17066,0.17838,0.17492,0.16996,0.16499,0.15611,0.13486,0.091881,0.029073
0.024308,0.088822,0.13203,0.15116,0.15854,0.16229,0.16628,0.17039,0.16664,0.14573,0.11662,0.10222,0.087678,-0.0090445,-0.19905,-0.13045,0.0042353,0.083087,0.099956,0.11547,0.14516,0.16609,0.16997,0.16591,0.16196,0.15825,0.15092,0.13186,0.088722,0.024271
0.029163,0.089833,0.12535,0.1416,0.1475,0.15001,0.15282,0.1567,0.15635,0.14157,0.1199,0.10825,0.11069,0.031064,-0.19843,-0.11574,0.035815,0.10635,0.1053,0.11841,0.14052,0.15571,0.15625,0.15246,0.14972,0.14726,0.14142,0.12523,0.089774,0.029137
0.014468,0.1055,0.12515,0.13438,0.13724,0.13812,0.13943,0.14237,0.14379,0.13951,0.11988,0.12159,0.095012,0.11562,-0.21172,-0.14631,0.13806,0.088814,0.12344,0.11773,0.13928,0.1432,0.14207,0.13916,0.13791,0.13707,0.13425,0.12507,0.10545,0.014455
0.044467,0.10815,0.11599,0.11807,0.11805,0.11778,0.11784,0.11924,0.11965,0.12373,0.11157,0.12292,0.084176,0.12494,-0.067238,-0.048099,0.14898,0.080065,0.12702,0.10999,0.1243,0.11926,0.11919,0.11773,0.1177,0.11798,0.11802,0.11596,0.10812,0.044467
