0.0030889,0.0044924,0.0018931,0.0004708,-0.00040957,-0.0010733,-0.0015317,-0.0017159,-0.0017122,-0.0017389,-0.0018022,-0.001691,-0.0013479,-0.00086778,-0.00031088,0.0002753,0.0008326,0.001314,0.0016578,0.0017695,0.0017139,0.001703,0.0017176,0.0015326,0.0010677,0.00039973,-0.0004812,-0.0019018,-0.0044984,-0.0030911
0.0044711,0.0074268,0.0041529,0.0011934,-0.00083209,-0.0022808,-0.0035107,-0.0047743,-0.0058958,-0.0063409,-0.0059811,-0.0051961,-0.0041203,-0.0026742,-0.00095995,0.00084162,0.0025577,0.0040062,0.0050881,0.0058828,0.0062392,0.0057766,0.0046499,0.0034049,0.0022026,0.00077578,-0.0012353,-0.0041842,-0.0074472,-0.0044783
0.0042933,0.0076272,0.0046125,0.00076039,-0.0025613,-0.0053981,-0.0076433,-0.0089551,-0.0094334,-0.0097423,-0.0099054,-0.0091328,-0.0072492,-0.004676,-0.0016809,0.001477,0.0044742,0.007054,0.0089423,0.0097178,0.0095845,0.0093314,0.0088878,0.0075742,0.0053185,0.0024823,-0.00082879,-0.004666,-0.0076621,-0.0043054
0.00354,0.0064957,0.0038671,-0.00015505,-0.0037432,-0.0066624,-0.0092925,-0.012227,-0.015176,-0.016567,-0.015711,-0.013689,-0.010926,-0.0071016,-0.0025363,0.0022509,0.0068199,0.010646,0.013424,0.015472,0.016312,0.014874,0.011925,0.0090492,0.006486,0.0036128,5.4127e-05,-0.0039436,-0.0065444,-0.0035565
0.0025907,0.0047159,0.002204,-0.0021786,-0.0068838,-0.011643,-0.016018,-0.018801,-0.019534,-0.019983,-0.020856,-0.019707,-0.015649,-0.010052,-0.0035926,0.003236,0.0096959,0.015304,0.019361,0.0205,0.019708,0.019394,0.018707,0.015887,0.011484,0.0067305,0.0020505,-0.0023008,-0.0047757,-0.0026104
0.0016422,0.0027426,0.00018622,-0.0041738,-0.0086971,-0.012712,-0.016433,-0.021316,-0.02791,-0.032444,-0.031237,-0.02691,-0.021562,-0.014018,-0.0049221,0.0045089,0.01361,0.021141,0.026516,0.030887,0.031994,0.027329,0.020778,0.016049,0.01245,0.0085031,0.0040224,-0.00029872,-0.0028102,-0.0016636
0.00081446,0.00088772,-0.0019458,-0.0067133,-0.012485,-0.019304,-0.027048,-0.033409,-0.035032,-0.034617,-0.037486,-0.037766,-0.029993,-0.018792,-0.0066474,0.0062041,0.018336,0.029563,0.037284,0.036953,0.034338,0.035006,0.033334,0.02684,0.019056,0.012266,0.0065399,0.0018209,-0.00095964,-0.00083635
0.00015854,-0.00068965,-0.0038788,-0.0087931,-0.014415,-0.019929,-0.024756,-0.030851,-0.043315,-0.05882,-0.061844,-0.051691,-0.039817,-0.025632,-0.0086509,0.0082036,0.025198,0.039307,0.051269,0.061422,0.05796,0.042273,0.030083,0.024294,0.019618,0.014176,0.0086091,0.0037482,0.00061655,-0.00018006
-0.00027841,-0.001782,-0.0052858,-0.010535,-0.017141,-0.025596,-0.037375,-0.052236,-0.062188,-0.059688,-0.061978,-0.071884,-0.057889,-0.031652,-0.011341,0.010932,0.031175,0.057556,0.071248,0.061333,0.059832,0.062383,0.052043,0.037017,0.025266,0.01688,0.01034,0.0051529,0.0017107,0.00025819
-0.00052717,-0.0024614,-0.0062304,-0.011623,-0.018259,-0.025923,-0.033578,-0.039633,-0.051648,-0.090009,-0.13555,-0.11387,-0.06302,-0.036109,-0.010913,0.010544,0.0358,0.062618,0.11371,0.13466,0.088051,0.050254,0.038962,0.033167,0.025601,0.018006,0.011435,0.0061044,0.0023957,0.00050915
-0.000558,-0.0025254,-0.0062321,-0.011535,-0.018247,-0.026623,-0.038178,-0.058323,-0.093451,-0.12682,-0.069165,2.5419e-05,5.863e-05,6.0126e-05,4.0478e-05,1.2143e-05,-1.3828e-05,-2.4604e-05,-1.2195e-05,0.069891,0.12743,0.093007,0.057743,0.037743,0.026302,0.018004,0.011359,0.006118,0.0024689,0.00054332
-0.0004571,-0.0022664,-0.0058259,-0.010859,-0.01709,-0.024747,-0.034681,-0.046819,-0.052387,-0.025776,-2.5423e-05,-2.5415e-05,-5.863e-05,-6.0129e-05,-4.0481e-05,-1.2144e-05,1.3827e-05,2.4604e-05,1.2197e-05,1.2197e-05,0.025709,0.052135,0.046418,0.034322,0.024472,0.016886,0.010714,0.0057347,0.0022237,0.00044692
-0.00019054,-0.0014461,-0.0044004,-0.0087876,-0.01428,-0.020778,-0.028101,-0.034148,-0.031787,-0.013616,-1.762e-05,-1.7619e-05,-4.6186e-05,-6.092e-05,-6.0097e-05,-4.6924e-05,-3.1006e-05,-1.8258e-05,-6.4321e-06,-6.431e-06,0.01356,0.031639,0.033892,0.02784,0.020565,0.01412,0.008676,0.0043345,0.0014192,0.00018556
0.00010774,-0.00058797,-0.0030383,-0.0068034,-0.011284,-0.016156,-0.020914,-0.023506,-0.019519,-0.007604,-9.7669e-06,-9.7689e-06,-3.1473e-05,-5.0072e-05,-5.6067e-05,-4.9978e-05,-3.7524e-05,-2.254e-05,-7.2949e-06,-7.2936e-06,0.0075986,0.019485,0.023384,0.020764,0.016024,0.011185,0.0067384,0.0030053,0.00057998,-0.00010689
0.00050433,0.00070264,-0.00075629,-0.0035982,-0.0072271,-0.01112,-0.014541,-0.015735,-0.011997,-0.0042683,-3.1164e-06,-3.1179e-06,-1.2405e-05,-2.2866e-05,-2.8028e-05,-2.7054e-05,-2.1627e-05,-1.3133e-05,-4.1114e-06,-4.1109e-06,0.0043129,0.012066,0.015737,0.014497,0.011068,0.0071848,0.003574,0.00075212,-0.00069361,-0.00049811
0.00082657,0.0016664,0.00077545,-0.0014498,-0.0041467,-0.0067606,-0.0087434,-0.0089339,-0.0059385,-0.0017442,4.3292e-06,4.3286e-06,1.2482e-05,1.7064e-05,1.5748e-05,1.0338e-05,4.256e-06,5.2198e-07,-2.3308e-07,-2.3304e-07,0.0018284,0.006081,0.0090272,0.0087866,0.0067798,0.004162,0.0014712,-0.00074679,-0.0016391,-0.00081499
0.0012195,0.0030758,0.0034119,0.0021916,0.00012801,-0.002086,-0.0038057,-0.0041516,-0.0023712,-0.00043476,1.2597e-05,1.2597e-05,3.8411e-05,5.632e-05,5.695e-05,4.4086e-05,2.6361e-05,1.1269e-05,2.5512e-06,2.5512e-06,0.00055013,0.0025764,0.0043333,0.0039348,0.0021761,-5.9506e-05,-0.0021329,-0.0033591,-0.0030356,-0.0012042
0.0014413,0.0037545,0.0044851,0.0037532,0.0025498,0.0014799,0.00088246,0.0011591,0.002251,0.0014824,1.9443e-05,1.9444e-05,5.4328e-05,7.3784e-05,7.1535e-05,5.3856e-05,3.1395e-05,1.2963e-05,2.7906e-06,2.791e-06,-0.0013564,-0.0020292,-0.00093975,-0.00070434,-0.0013438,-0.0024415,-0.003661,-0.0044071,-0.0037009,-0.0014226
0.0017751,0.00518,0.0074037,0.0077651,0.0069688,0.0058618,0.0049981,0.0046285,0.0043637,0.0020936,1.9556e-05,1.9556e-05,4.3476e-05,4.6818e-05,4.0435e-05,2.7816e-05,1.4315e-05,4.5703e-06,5.3478e-07,5.359e-07,-0.0019677,-0.0041084,-0.0043445,-0.0047547,-0.0056675,-0.0068154,-0.0076427,-0.0073098,-0.0051208,-0.0017555
0.0018021,0.0052196,0.0074444,0.0082048,0.0084626,0.0087812,0.009349,0.010245,0.011214,0.01178,0.0059593,-1.9554e-05,-4.3475e-05,-4.6818e-05,-4.0436e-05,-2.7816e-05,-1.4314e-05,-4.57e-06,-5.3582e-07,-0.0060371,-0.011758,-0.010966,-0.0099513,-0.0090852,-0.0085705,-0.0082946,-0.0080687,-0.007339,-0.005155,-0.0017818
0.0020985,0.0068342,0.01099,0.012915,0.013246,0.013031,0.012757,0.012126,0.010129,0.0042197,-0.012054,-0.034891,-0.054892,-0.059884,-0.025632,0.027578,0.056172,0.054457,0.035972,0.012571,-0.003986,-0.009765,-0.011748,-0.012443,-0.012776,-0.013042,-0.012756,-0.010877,-0.0067716,-0.0020805
0.0017814,0.0055989,0.0089999,0.011432,0.013499,0.015499,0.017349,0.018575,0.017686,0.011878,-0.0053824,-0.032244,-0.053378,-0.053466,-0.019804,0.025347,0.050245,0.051651,0.033372,0.0071439,-0.010829,-0.017135,-0.018184,-0.017043,-0.015263,-0.013314,-0.011288,-0.0088944,-0.0055397,-0.0017649
0.0022178,0.0081022,0.014116,0.017435,0.018878,0.019775,0.0205,0.02001,0.016307,0.0055104,-0.013231,-0.03089,-0.039272,-0.035938,-0.01452,0.015775,0.033891,0.03688,0.0293,0.012722,-0.0053983,-0.016047,-0.019721,-0.020244,-0.019545,-0.018681,-0.017275,-0.014003,-0.0080458,-0.0022042
0.0011152,0.0038778,0.0077131,0.012331,0.017199,0.022098,0.026822,0.0307,0.03129,0.02672,0.017082,0.0041568,-0.011342,-0.018781,-0.0061601,0.013736,0.02207,0.012108,-0.0045808,-0.017396,-0.026718,-0.031158,-0.030538,-0.026626,-0.021917,-0.01704,-0.012205,-0.0076271,-0.0038342,-0.0011041
0.0025425,0.0097192,0.016767,0.020402,0.022827,0.02559,0.028947,0.031462,0.031052,0.023701,0.010746,-0.0031883,-0.010498,-0.0088111,0.0010851,0.012757,0.016046,0.014198,0.0039787,-0.011318,-0.024118,-0.031216,-0.031415,-0.028834,-0.025431,-0.022667,-0.020263,-0.016667,-0.0096715,-0.0025324
-0.0011644,-0.0029829,-0.00020837,0.0078782,0.017368,0.027244,0.037442,0.047657,0.054772,0.058225,0.058824,0.061345,0.053224,0.022327,0.0050006,0.0027884,-0.025028,-0.058891,-0.06422,-0.059751,-0.058578,-0.054793,-0.047603,-0.037279,-0.027072,-0.017209,-0.007758,0.00027612,0.0030091,0.0011706
0.0059812,0.015807,0.019274,0.019473,0.021986,0.026878,0.033649,0.040719,0.046208,0.042588,0.030171,0.0066809,-0.022281,-0.024119,-0.005081,0.008376,0.023742,0.022386,-0.0075073,-0.031159,-0.042971,-0.046378,-0.040596,-0.033506,-0.026709,-0.021839,-0.019361,-0.019202,-0.015773,-0.0059727
-0.010837,-0.02653,-0.024336,-0.0083069,0.0097763,0.028202,0.047166,0.067243,0.085733,0.1038,0.11709,0.13126,0.13118,0.069897,0.010129,-0.01866,-0.080316,-0.1338,-0.13251,-0.11714,-0.10364,-0.085228,-0.066909,-0.046822,-0.027926,-0.0095612,0.0084561,0.024419,0.026557,0.010839
0.025533,0.040258,0.022609,0.01401,0.013403,0.017119,0.023432,0.031073,0.039472,0.036029,0.02482,-0.0026806,-0.00025843,-0.0078497,-0.019347,0.053297,0.043275,0.012047,0.010145,-0.022683,-0.034257,-0.038907,-0.030534,-0.023138,-0.016916,-0.013288,-0.013961,-0.022599,-0.040246,-0.025521
-0.055533,-0.10291,-0.078767,-0.044706,-0.0085912,0.027235,0.062856,0.099937,0.13882,0.18219,0.21749,0.25198,0.25907,0.26819,0.12588,-0.18945,-0.28857,-0.25952,-0.25244,-0.21543,-0.18114,-0.13758,-0.099136,-0.062222,-0.0268,0.0088779,0.044879,0.07886,0.10294,0.055533
